[-1.48789836 -1.49592895 -1.49023581 -1.47113264 -1.43912016 -1.39488317
 -1.33928486 -1.27335814 -1.19829425 -1.1154285  -1.02622327 -0.93224861
 -0.8351603  -0.73667601 -0.6385495  -0.54254347 -0.45040126 -0.36381794
 -0.28441116 -0.21369228 -0.15303827 -0.10366489 -0.06660167 -0.04266916
 -0.03245903 -0.03631735 -0.05433171 -0.08632224 -0.13183726 -0.19015348
 -0.26028116 -0.34097432 -0.43074592 -0.52788814 -0.63049737 -0.73650388
 -0.84370561 -0.94980579 -1.05245368 -1.14928786 -1.23798139 -1.31628787
 -1.3820877  -1.43343353 -1.46859401 -1.48609475 -1.48475575 -1.46372424
 -1.42250196 -1.36096636 -1.27938468 -1.17842055 -1.0591325  -0.92296417
 -0.77172595 -0.60756816 -0.43294604 -0.25057677 -0.06338945  0.12553154
  0.31300842  0.49583619  0.67085172  0.83500424  0.98542572  1.11949936
  1.23492466  1.32977722  1.40256175  1.45225655  1.47834819  1.48085498
  1.46033824  1.41790062  1.35517078  1.2742745   1.17779212  1.06870302
  0.95031796  0.8262005   0.7000792   0.57575244  0.45698821  0.34742127
  0.25045045  0.16913884  0.10611986  0.06351197  0.04284492  0.045
  0.07016672  0.1178178   0.18670399  0.27486988  0.37969088  0.49793147
  0.62582375  0.75916487  0.89343115  1.02390631  1.14582021  1.25449456
  1.34549111  1.41475797  1.45876917  1.4746529   1.46030361  1.41447387
  1.33684185  1.22805146  1.08972224  0.92442778  0.73564165  0.52765154
  0.30544294  0.07455521 -0.15908631 -0.38935724 -0.61013451 -0.81550344
 -0.99996476 -1.15863372 -1.28742419 -1.38321001 -1.443957   -1.46881925
 -1.45819473 -1.41373641 -1.33831642 -1.23594291 -1.11163048 -0.97122765
 -0.82120591 -0.66841748 -0.5198297  -0.38224615 -0.26202489 -0.16480544
 -0.09525601 -0.05685239 -0.05169914 -0.08040231 -0.14200155 -0.23396694
 -0.35226343 -0.4914833  -0.6450435  -0.80544222 -0.96456579 -1.11403438
 -1.24557272 -1.3513899  -1.42455154 -1.45932663 -1.45149198 -1.39857809
 -1.30004248 -1.15735882 -0.97401423 -0.75541065 -0.50867099 -0.24235545
  0.03390209  0.30982289  0.57495882  0.8191926   1.03323856  1.20911815
  1.34058497  1.42347483  1.4559596   1.43868716  1.37479554  1.26979486
  1.13131818  0.96874916  0.79274191  0.61465511  0.44592834  0.29743341
  0.1788365   0.098008    0.06051632  0.06923856  0.12411614  0.22207581
  0.35712813  0.52064517  0.70180832  0.88820655  1.06655488  1.22349394
  1.34642442  1.42432568  1.44850605  1.41323415  1.31620563  1.15880794
  0.94615718  0.68689468  0.39274618  0.07786281 -0.24202178 -0.55056891
 -0.83188667 -1.07158708 -1.25777604 -1.3819044  -1.43941477 -1.43012975
 -1.35834314 -1.23259533 -1.06513573 -0.87109863 -0.66744121 -0.47171252
 -0.30073868 -0.16932    -0.0890397  -0.06728052 -0.10653414 -0.20406973
 -0.35200333 -0.53777969 -0.74504624 -0.9548658  -1.14718487 -1.30244881
 -1.40323772 -1.43578869 -1.39127253 -1.26670725 -1.06541513 -0.79696464
 -0.47657973 -0.12404437  0.2378241   0.58501791  0.89434879  1.14545342
  1.32261471  1.41622655  1.42375398  1.35007976  1.20717961  1.01312896
  0.79050692  0.56432407  0.35965288  0.19917713  0.10089566  0.07621255
  0.128619    0.25312384  0.43652194  0.65850947  0.89356883  1.11346287
  1.29010662  1.39853359  1.41964887  1.34246879  1.16558574  0.89766735
  0.55689403  0.16934984 -0.23350196 -0.61801965 -0.95193294 -1.2078594
 -1.36638902 -1.41836831 -1.36608861 -1.22319635 -1.01328317 -0.76726775
 -0.51983056 -0.3052895  -0.15339119 -0.08552718 -0.11185735 -0.22973503
 -0.42368555 -0.66700766 -0.92486466 -1.1585356  -1.33033042 -1.40856196
 -1.37192921 -1.21271073 -0.93829426 -0.57076657 -0.14453422  0.29778863
  0.71074105  1.05194404  1.28780397  1.39818885  1.37938046  1.24481478
  1.02341549  0.75566223  0.4878714   0.26545328  0.1260977   0.09389941
  0.17534329  0.35783478  0.61110768  0.89141597  1.14798127  1.33078904
  1.39856866  1.32570451  1.10693179  0.75896832  0.31868592 -0.16203124
 -0.62404302 -1.01015878 -1.2743264  -1.38926929 -1.35122184 -1.18084164
 -0.91998835 -0.62475975 -0.35584856 -0.16780788 -0.09908549 -0.16464201
 -0.35259245 -0.62565103 -0.92731895 -1.19187589 -1.35648165 -1.37321335
 -1.21876581 -0.89987194 -0.45322134  0.06034558  0.56648939  0.99099889
  1.27384339  1.38088838  1.31084461  1.09586236  0.7953975   0.48433687
  0.23760591  0.11432351  0.14481524  0.32335439  0.60841998  0.9307332
  1.20766056  1.36111095  1.33514058  1.10935374  0.70492876  0.18159704
 -0.37413253 -0.86719976 -1.2147698  -1.36487641 -1.30851546 -1.08209569
 -0.75928765 -0.43379767 -0.19685331 -0.11465582 -0.21131989 -0.46173855
 -0.7965616  -1.11854882 -1.3266498  -1.34201435 -1.12935202 -0.70792975
 -0.14890395  0.44090442  0.94510289  1.26719666  1.35571948  1.21810473
  0.91909855  0.56354782  0.26770254  0.1265696   0.18632897  0.42982913
  0.77984064  1.11987234  1.32725813  1.30937856  1.03250456  0.53440968
 -0.08370549 -0.68444374 -1.13319653 -1.33754139 -1.27502968 -1.0003512
 -0.62885531 -0.30069101 -0.13617107 -0.19627732 -0.4612405  -0.83489038
 -1.17441927 -1.33680918 -1.22720758 -0.83315496 -0.23253214  0.42859429
  0.98195972  1.29215089  1.30208918  1.05276212  0.66930149  0.31706288
  0.1422586   0.21795564  0.51529631  0.91151592  1.23330891  1.32087445
  1.0895013   0.56533787 -0.1193502  -0.77135449 -1.20646841 -1.31816986
 -1.11825452 -0.73240668 -0.35078052 -0.15167445 -0.22809093 -0.54721116
 -0.96074626 -1.26395902 -1.28076899 -0.94030427 -0.31217613  0.4162931
  1.01361477  1.29892825  1.21787768  0.86577883  0.44594057  0.17926318
  0.20382408  0.50949789  0.93882201  1.25638469  1.25741335  0.86654391
  0.1799671  -0.5713779  -1.12341605 -1.29948928 -1.09267199 -0.66857512
 -0.28438967 -0.16107856 -0.37065417 -0.79578664 -1.1850769  -1.27965016
 -0.94891087 -0.26554751  0.52187341  1.1087005   1.2871108   1.05248164
  0.60477759  0.2404702   0.18984522  0.4870126   0.9458729   1.25964095
  1.17294159  0.63197921 -0.17377915 -0.90691254 -1.26513009 -1.14958684
 -0.71978395 -0.29878198 -0.1797847  -0.44656314 -0.916939   -1.2486019
 -1.14869177 -0.5616114   0.28291847  0.99759063  1.26787701  1.04329616
  0.56636973  0.21508192  0.25469874  0.65844247  1.11824315  1.24580626
  0.83657299  0.02062431 -0.80691222 -1.2375931  -1.11795788 -0.64979507
 -0.24686774 -0.24067654 -0.63905284 -1.11262723 -1.22771397 -0.76582428
  0.1009235   0.9139206   1.24619891  1.00635231  0.50043657  0.19714964
  0.3655372   0.85987966  1.22437833  1.04798011  0.29940241 -0.62451115
 -1.18769972 -1.12323295 -0.63698427 -0.23482221 -0.30275812 -0.77923364
 -1.19661847 -1.07094527 -0.32300642  0.62749977  1.1892327   1.0830027
  0.56950767  0.21444868  0.38327161  0.90607381  1.21963047  0.8760156
 -0.03135886 -0.9185167  -1.21150124 -0.85169985 -0.33705712 -0.24641277
 -0.68130364 -1.15650457 -1.06125906 -0.26469296  0.72138857  1.20085329
  0.94529248  0.40116042  0.23202226  0.63765644  1.1368625   1.05385607
  0.23078905 -0.76809267 -1.19580744 -0.86788394 -0.33470712 -0.28117388
 -0.77637932 -1.18374879 -0.85359345  0.13698707  1.01738337  1.12464732
  0.60584576  0.23030158  0.49994925  1.05723748  1.08634183  0.27533697
 -0.7703153  -1.17434452 -0.77227793 -0.27494558 -0.39520063 -0.96609878
 -1.12928966 -0.3988655   0.68847758  1.16672766  0.78357517  0.27768817
  0.4173617   0.99649671  1.08451858  0.24805561 -0.82334867 -1.13816532
 -0.64151836 -0.24489274 -0.57744834 -1.11249806 -0.87411924  0.19356998
  1.06797759  0.97072299  0.38356724  0.33104689  0.9016833   1.10032447
  0.28840482 -0.82402282 -1.10369168 -0.55729066 -0.26328151 -0.73666653
 -1.13232985 -0.51674622  0.65670458  1.1235851   0.63304425  0.26051498
  0.69332562  1.12417065  0.52136439 -0.66928961 -1.10855849 -0.58574434
 -0.27484503 -0.77562848 -1.09885836 -0.30475872  0.8512927   1.03329
  0.43287541  0.35966061  0.96113178  0.94301195 -0.16430329 -1.06615007
 -0.7967651  -0.28316572 -0.62726728 -1.09756315 -0.43669885  0.78279489
  1.02414553  0.4176871   0.40723109  1.01531894  0.77549151 -0.4626587
 -1.08301806 -0.56370994 -0.32304991 -0.91167603 -0.9090217   0.27247031
  1.07336908  0.63075502  0.30816186  0.87624653  0.92039191 -0.26426693
 -1.06645612 -0.60118744 -0.32895266 -0.92402538 -0.82560108  0.43823807
  1.05150851  0.48417243  0.4142126   1.0191848   0.56122344 -0.74346751
 -0.94154324 -0.33909117 -0.62734387 -1.0294671  -0.04264468  1.01023626
  0.6578802   0.33627617  0.93541089  0.69183142 -0.64440461 -0.94948548
 -0.3451691  -0.66014824 -0.98260969  0.1502592   1.02717392  0.50781968
  0.45501149  1.02038331  0.24157145 -0.95301309 -0.66494583 -0.36238096
 -0.96817161 -0.46744908  0.85200537  0.75322449  0.33726766  0.925264
  0.54594043 -0.807896   -0.76794315 -0.34005594 -0.92690453 -0.49667513
  0.84556946  0.71266617  0.368243    0.96512233  0.30951429 -0.93375334
 -0.58763372 -0.45697848 -0.98325296  0.03812765  0.981528    0.42438997
  0.64845728  0.85253864 -0.50877626 -0.86499643 -0.34279673 -0.89483797
 -0.40675766  0.90142788  0.56196547  0.51779587  0.92413577 -0.34253414
 -0.89532006 -0.3493688  -0.8820876  -0.3551838   0.9179355   0.49603319
  0.61392228  0.80186791 -0.61539645 -0.73921006 -0.41445598 -0.93966253
  0.19472934  0.89639014  0.3593618   0.89493491  0.16942372 -0.93194706
 -0.39517915 -0.79852768 -0.41146508  0.8968553   0.45177871  0.72155615
  0.53672274 -0.8533739  -0.48704196 -0.6877431  -0.56806746  0.83952108
  0.4857485   0.70049277  0.5154033  -0.86133444 -0.45006261 -0.75622625
 -0.36774468  0.89270521  0.40000623  0.83758623  0.10460634 -0.87926826
 -0.38252701 -0.88881787  0.26780955  0.76329594  0.46591571  0.79358107
 -0.65860248 -0.55147296 -0.67579772 -0.41547266  0.86986691  0.39339281
  0.86408233 -0.2300777  -0.73751751 -0.50922252 -0.67589762  0.78219374
  0.44081761  0.81519696 -0.0671046  -0.77146551 -0.48899764 -0.67410313
  0.78250225  0.42673701  0.83234759 -0.24089737 -0.68147719 -0.59212052
 -0.42626903  0.83831424  0.41122078  0.79240187 -0.65142157 -0.47027817
 -0.8012291   0.21633383  0.65526358  0.63800837  0.24156203 -0.79417423
 -0.48535196 -0.57168243  0.80829158  0.41782723  0.74450719 -0.71608926
 -0.42476769 -0.80171803  0.57648375  0.46658131  0.79925447 -0.44369052
 -0.51009755 -0.77878665  0.35134854  0.53762059  0.76301637 -0.31486275
 -0.54293324 -0.76033057  0.33813073  0.52586607  0.76887759 -0.41688623
 -0.49088016 -0.77618099  0.53634523  0.45048099  0.75480608 -0.66500906
 -0.43014549 -0.65945941  0.75201427  0.46539745  0.43771593 -0.74224575
 -0.57632427 -0.06929557  0.6215361   0.71464433 -0.3712663  -0.47240064
 -0.72407914  0.69189179  0.45642007  0.41671673 -0.70949151 -0.63093415
  0.18253275  0.50854712  0.72342183 -0.6713404  -0.46731354 -0.31801172
  0.65781258  0.6885024  -0.42861062 -0.44843931 -0.55473597  0.71121434
  0.61549601 -0.24784822 -0.47092499 -0.61405247  0.70930571  0.59728711
 -0.23503072 -0.46784703 -0.57068644  0.69383184  0.63648148 -0.38927089
 -0.45229048 -0.38565891  0.62611519  0.68975468 -0.61361952 -0.50825483
  0.03475025  0.49068562  0.55764271 -0.66596303 -0.6618839   0.55171892
  0.49773413 -0.04122176 -0.48030649 -0.4750667   0.62288682  0.6668861
 -0.64529334 -0.58371337  0.3883128   0.47283067  0.03895458 -0.48378723
 -0.41890655  0.58192769  0.61875862 -0.64930597 -0.64431132  0.60446048
  0.57917177 -0.44427268 -0.50620259  0.21834012  0.46845719  0.01428683
 -0.47056453 -0.21272292  0.49747689  0.36049243 -0.53152658 -0.45910168
  0.56090137  0.51864001 -0.58086305 -0.55063055  0.59143947  0.56422175
 -0.59449598 -0.56480311  0.59158215  0.55378167 -0.582932   -0.52867193
  0.56761372  0.48327168 -0.54478732 -0.40832999  0.515935    0.29368083
 -0.48739484 -0.13303055  0.47134433 -0.06826786 -0.48198642  0.28497892
  0.52387547 -0.47054898 -0.57420301  0.57273503  0.57204107 -0.56949025
 -0.4381927   0.5043746   0.13919392 -0.47304412  0.2406341   0.52775631
 -0.51514339 -0.56681431  0.56027823  0.38369732 -0.48334015  0.06148784
  0.50141809 -0.47065137 -0.55709312  0.54812392  0.30484658 -0.47286002
  0.2459814   0.53847325 -0.54728056 -0.43012241  0.48238265 -0.14083621
 -0.52403372  0.53572881  0.41727532 -0.4771934   0.21703506  0.53398431
 -0.53675411 -0.26396273  0.47458531 -0.41822794]