[ 1.14672965e+00  1.33390824e+00  1.51371578e+00  1.68442917e+00
  1.84435118e+00  1.99182740e+00  2.12526371e+00  2.24314375e+00
  2.34404657e+00  2.42666397e+00  2.48981753e+00  2.53247507e+00
  2.55376635e+00  2.55299771e+00  2.52966566e+00  2.48346893e+00
  2.41431905e+00  2.32234899e+00  2.20792000e+00  2.07162614e+00
  1.91429655e+00  1.73699532e+00  1.54101871e+00  1.32788972e+00
  1.09934998e+00  8.57348762e-01  6.04029312e-01  3.41712339e-01
  7.28768467e-02 -1.99861657e-01 -4.73775415e-01 -7.46050980e-01
 -1.01381785e+00 -1.27417898e+00 -1.52424276e+00 -1.76115635e+00
 -1.98213982e+00 -2.18452073e+00 -2.36576894e+00 -2.52353092e+00
 -2.65566335e+00 -2.76026538e+00 -2.83570917e+00 -2.88066817e+00
 -2.89414278e+00 -2.87548271e+00 -2.82440585e+00 -2.74101303e+00
 -2.62579848e+00 -2.47965542e+00 -2.30387672e+00 -2.10015022e+00
 -1.87054866e+00 -1.61751403e+00 -1.34383640e+00 -1.05262718e+00
 -7.47287039e-01 -4.31468686e-01 -1.09034774e-01  2.15988598e-01
  5.39462347e-01  8.57188239e-01  1.16496544e+00  1.45864904e+00
  1.73420984e+00  1.98779435e+00  2.21578436e+00  2.41485494e+00
  2.58202998e+00  2.71473431e+00  2.81084147e+00  2.86871611e+00
  2.88725019e+00  2.86589219e+00  2.80466847e+00  2.70419622e+00
  2.56568744e+00  2.39094342e+00  2.18233968e+00  1.94280102e+00
  1.67576682e+00  1.38514688e+00  1.07526807e+00  7.50812523e-01
  4.16747917e-01  7.82510803e-02 -2.59374241e-01 -5.90784031e-01
 -9.10683726e-01 -1.21391948e+00 -1.49556932e+00 -1.75103261e+00
 -1.97611590e+00 -2.16711370e+00 -2.32088216e+00 -2.43490430e+00
 -2.50734508e+00 -2.53709489e+00 -2.52380041e+00 -2.46788157e+00
 -2.37053400e+00 -2.23371650e+00 -2.06012302e+00 -1.85313968e+00
 -1.61678684e+00 -1.35564727e+00 -1.07478132e+00 -7.79630660e-01
 -4.75912125e-01 -1.69503897e-01  1.33673910e-01  4.27781677e-01
  7.07183129e-01  9.66565839e-01  1.20105661e+00  1.40632895e+00
  1.57869991e+00  1.71521384e+00  1.81371063e+00  1.87287650e+00
  1.89227563e+00  1.87236142e+00  1.81446655e+00  1.72077165e+00
  1.59425276e+00  1.43860850e+00  1.25816831e+00  1.05778367e+00
  8.42704836e-01  6.18446030e-01  3.90642396e-01  1.64902495e-01
 -5.33397252e-02 -2.58969359e-01 -4.47327229e-01 -6.14334735e-01
 -7.56603023e-01 -8.71522915e-01 -9.57332534e-01 -1.01316010e+00
 -1.03904006e+00 -1.03590146e+00 -1.00552839e+00 -9.50492945e-01
 -8.74062528e-01 -7.80083633e-01 -6.72845602e-01 -5.56928338e-01
 -4.37038787e-01 -3.17841506e-01 -2.03789084e-01 -9.89583892e-02
 -6.89866302e-03  6.95027014e-02  1.28131246e-01  1.67728570e-01
  1.87943464e-01  1.89348071e-01  1.73417234e-01  1.42470543e-01
  9.95779668e-02  4.84314461e-02 -6.81376666e-03 -6.17228099e-02
 -1.11783508e-01 -1.52619707e-01 -1.80207251e-01 -1.91083622e-01
 -1.82542028e-01 -1.52800832e-01 -1.01139716e-01 -2.79948642e-02
  6.49933142e-02  1.74984739e-01  2.97999414e-01  4.29033102e-01
  5.62227247e-01  6.91089054e-01  8.08755112e-01  9.08289638e-01
  9.83006265e-01  1.02680048e+00  1.03447851e+00  1.00206749e+00
  9.27091649e-01  8.08799693e-01  6.48329469e-01  4.48798191e-01
  2.15308742e-01 -4.51341420e-02 -3.23800401e-01 -6.10502392e-01
 -8.93948059e-01 -1.16216937e+00 -1.40301165e+00 -1.60466551e+00
 -1.75621981e+00 -1.84821154e+00 -1.87314671e+00 -1.82596620e+00
 -1.70443070e+00 -1.50940138e+00 -1.24499579e+00 -9.18603232e-01
 -5.40749219e-01 -1.24805524e-01  3.13450868e-01  7.56418753e-01
  1.18537497e+00  1.58127201e+00  1.92559868e+00  2.20126587e+00
  2.39347606e+00  2.49053297e+00  2.48454768e+00  2.37200026e+00
  2.15412007e+00  1.83705512e+00  1.43180936e+00  9.53937591e-01
  4.22999377e-01 -1.38213914e-01 -7.04652241e-01 -1.25014122e+00
 -1.74862781e+00 -2.17547862e+00 -2.50876559e+00 -2.73047090e+00
 -2.82754294e+00 -2.79273975e+00 -2.62520378e+00 -2.33072407e+00
 -1.92165618e+00 -1.41648813e+00 -8.39059590e-01 -2.17461585e-01
  4.17336305e-01  1.03306635e+00  1.59787036e+00  2.08204286e+00
  2.45971145e+00  2.71035468e+00  2.82006282e+00  2.78245767e+00
  2.59920418e+00  2.28006840e+00  1.84250198e+00  1.31076164e+00
  7.14601547e-01  8.76046223e-02 -5.34755469e-01 -1.11720901e+00
 -1.62681451e+00 -2.03497846e+00 -2.31923839e+00 -2.46468750e+00
 -2.46493870e+00 -2.32255322e+00 -2.04889267e+00 -1.66339130e+00
 -1.19228550e+00 -6.66876264e-01 -1.21436043e-01  4.09100436e-01
  8.91501671e-01  1.29649317e+00  1.60073493e+00  1.78837422e+00
  1.85205321e+00  1.79328959e+00  1.62219451e+00  1.35654294e+00
  1.02026296e+00  6.41458718e-01  2.50121822e-01 -1.24284894e-01
 -4.55172636e-01 -7.20904097e-01 -9.06424797e-01 -1.00430483e+00
 -1.01509632e+00 -9.46970722e-01 -8.14664721e-01 -6.37827659e-01
 -4.38921595e-01 -2.40871521e-01 -6.46926243e-02  7.26696615e-02
  1.60064891e-01  1.93242574e-01  1.75207997e-01  1.15772495e-01
  3.03237777e-02 -6.20744149e-02 -1.41067174e-01 -1.87629986e-01
 -1.86640301e-01 -1.29101956e-01 -1.37463852e-02  1.52212703e-01
  3.53313618e-01  5.67109886e-01  7.66387883e-01  9.22149789e-01
  1.00707055e+00  9.99060371e-01  8.84522591e-01  6.60898877e-01
  3.38142134e-01 -6.11481441e-02 -5.03060851e-01 -9.45151950e-01
 -1.34047032e+00 -1.64247232e+00 -1.81033242e+00 -1.81406866e+00
 -1.63887364e+00 -1.28808218e+00 -7.84317814e-01 -1.68534862e-01
  5.03104633e-01  1.16433068e+00  1.74540584e+00  2.18065401e+00
  2.41606852e+00  2.41611822e+00  2.16889776e+00  1.68890131e+00
  1.01692945e+00  2.16947343e-01 -6.29933791e-01 -1.43382011e+00
 -2.10589095e+00 -2.56865574e+00 -2.76540069e+00 -2.66763695e+00
 -2.27953581e+00 -1.63865008e+00 -8.12644714e-01  1.07754418e-01
  1.01889436e+00  1.81628269e+00  2.40719141e+00  2.72220162e+00
  2.72417513e+00  2.41340592e+00  1.82815175e+00  1.04032570e+00
  1.46765162e-01 -7.42891611e-01 -1.52019213e+00 -2.09188136e+00
 -2.39203560e+00 -2.39061818e+00 -2.09721011e+00 -1.55932087e+00
 -8.55447376e-01 -8.38152973e-02  6.51608814e-01  1.25580950e+00
  1.65595000e+00  1.81115298e+00  1.71735214e+00  1.40648004e+00
  9.40143546e-01  3.98823107e-01 -1.31629148e-01 -5.73955124e-01
 -8.71585145e-01 -9.96825027e-01 -9.53759843e-01 -7.75418112e-01
 -5.15766687e-01 -2.38059078e-01 -1.76045948e-03  1.49420333e-01
  1.96024942e-01  1.46125232e-01  3.26411398e-02 -9.48647827e-02
 -1.82321515e-01 -1.84724761e-01 -7.82329856e-02  1.31988302e-01
  4.10207617e-01  6.95666132e-01  9.14539768e-01  9.96190556e-01
  8.90450299e-01  5.82162194e-01  9.94585766e-02 -4.86708452e-01
 -1.07259221e+00 -1.54003180e+00 -1.78004526e+00 -1.71704665e+00
 -1.32850882e+00 -6.55373880e-01  1.99938389e-01  1.08869121e+00
  1.84215243e+00  2.30447186e+00  2.36567808e+00  1.98776871e+00
  1.21776450e+00  1.83915969e-01 -9.25395749e-01 -1.89679248e+00
 -2.53449019e+00 -2.70166811e+00 -2.35160766e+00 -1.54125448e+00
 -4.23284617e-01  7.82700468e-01  1.83452874e+00  2.51826428e+00
  2.69445252e+00  2.32930592e+00  1.50331187e+00  3.94633811e-01
 -7.59579558e-01 -1.71559457e+00 -2.27733119e+00 -2.33980173e+00
 -1.91138925e+00 -1.10950370e+00 -1.30562266e-01  7.98402593e-01
  1.47452657e+00  1.76658565e+00  1.64324675e+00  1.17514202e+00
  5.10707102e-01 -1.67250496e-01 -6.92062312e-01 -9.56688926e-01
 -9.38139792e-01 -6.96319943e-01 -3.48337441e-01 -2.66666050e-02
  1.65474533e-01  1.87218237e-01  7.08146258e-02 -9.36393342e-02
 -1.94651219e-01 -1.44745271e-01  8.10501962e-02  4.28036874e-01
  7.73885735e-01  9.68041773e-01  8.86765865e-01  4.85403493e-01
 -1.71411538e-01 -9.15132176e-01 -1.51666918e+00 -1.75706971e+00
 -1.50404381e+00 -7.68431015e-01  2.81214052e-01  1.35563888e+00
  2.12649379e+00  2.32945799e+00  1.85615110e+00  8.02776473e-01
 -5.44727314e-01 -1.78934157e+00 -2.54397030e+00 -2.55715563e+00
 -1.80146001e+00 -4.92358211e-01  9.72683322e-01  2.13831725e+00
  2.63916987e+00  2.32174632e+00  1.29753326e+00 -9.30520988e-02
 -1.39534759e+00 -2.19487788e+00 -2.25738443e+00 -1.60444597e+00
 -4.97499784e-01  6.63349210e-01  1.48747721e+00  1.73282559e+00
  1.38360270e+00  6.38578656e-01 -1.82411336e-01 -7.73397455e-01
 -9.62027363e-01 -7.64934102e-01 -3.57937626e-01  2.21048977e-02
  1.96572508e-01  1.28885512e-01 -6.70890071e-02 -1.98010281e-01
 -1.06259209e-01  2.29515564e-01  6.63189761e-01  9.42010403e-01
  8.36159805e-01  2.75403568e-01 -5.79336684e-01 -1.37630099e+00
 -1.71975745e+00 -1.36261257e+00 -3.52926596e-01  9.45633230e-01
  1.98571894e+00  2.27386705e+00  1.60915691e+00  2.06614070e-01
 -1.36600006e+00 -2.42441568e+00 -2.47736379e+00 -1.46550808e+00
  1.90239571e-01  1.76563177e+00  2.56115227e+00  2.22861874e+00
  9.37309214e-01 -7.05895088e-01 -1.94769242e+00 -2.24910593e+00
 -1.53631145e+00 -2.16310165e-01  1.04704356e+00  1.67635076e+00
  1.46137800e+00  6.31748652e-01 -3.07627906e-01 -8.75783436e-01
 -8.74314474e-01 -4.59390426e-01  3.79488582e-03  2.02125500e-01
  7.94766104e-02 -1.47898526e-01 -1.73551708e-01  1.45620655e-01
  6.45714506e-01  9.37277535e-01  6.76005077e-01 -1.53188506e-01
 -1.14572144e+00 -1.67670792e+00 -1.29434905e+00 -6.19044917e-02
  1.39588096e+00  2.21616414e+00  1.82337731e+00  3.31674912e-01
 -1.45547537e+00 -2.48969665e+00 -2.11650944e+00 -5.08368792e-01
  1.40363143e+00  2.48429222e+00  2.09803587e+00  5.09684925e-01
 -1.28652884e+00 -2.20574645e+00 -1.76017925e+00 -3.40125737e-01
  1.09103145e+00  1.66398034e+00  1.16248507e+00  9.32483514e-02
 -7.51582470e-01 -8.87872109e-01 -4.38290326e-01  6.73212638e-02
  1.92863891e-01 -3.55047357e-02 -2.04711146e-01  4.14842703e-02
  5.97338332e-01  9.21518540e-01  5.17816262e-01 -5.32292889e-01
 -1.49048828e+00 -1.49239400e+00 -3.05425762e-01  1.33648040e+00
  2.19029860e+00  1.47267940e+00 -4.28223449e-01 -2.13939773e+00
 -2.32806537e+00 -7.81071530e-01  1.36131866e+00  2.46716068e+00
  1.70732451e+00 -2.79351055e-01 -1.91747406e+00 -1.98678122e+00
 -5.84778955e-01  1.04366357e+00  1.62180089e+00  8.93737218e-01
 -2.98004504e-01 -9.00705889e-01 -6.11818301e-01 -7.68093918e-03
  2.00304436e-01 -5.20572002e-02 -1.96916362e-01  1.97120168e-01
  7.93426571e-01  7.72516658e-01 -1.93821245e-01 -1.35638506e+00
 -1.47665707e+00 -1.33877986e-01  1.61316053e+00  2.07462636e+00
  6.07706303e-01 -1.56940273e+00 -2.40977037e+00 -1.03222480e+00
  1.31916897e+00  2.42220937e+00  1.25814358e+00 -9.83460441e-01
 -2.12964191e+00 -1.21238613e+00  6.58840937e-01  1.59301961e+00
  9.00073680e-01 -3.89212191e-01 -8.86778426e-01 -3.90493727e-01
  1.62494951e-01  8.43940197e-02 -2.02588881e-01  7.21497611e-02
  7.39621802e-01  7.42046991e-01 -3.72974276e-01 -1.49810784e+00
 -1.09184018e+00  7.67665529e-01  2.08234039e+00  1.14919101e+00
 -1.21905522e+00 -2.37029298e+00 -8.85082369e-01  1.60974010e+00
  2.26296567e+00  3.82876245e-01 -1.76416329e+00 -1.74698431e+00
  1.49537242e-01  1.52077670e+00  9.58973280e-01 -4.26632011e-01
 -8.43521775e-01 -2.02286127e-01  2.09513207e-01 -7.86073027e-02
 -1.39383725e-01  5.22671128e-01  8.31780102e-01 -1.94209532e-01
 -1.45572304e+00 -9.53305420e-01  1.10277838e+00  2.01939411e+00
  2.55812726e-01 -2.04657076e+00 -1.72968672e+00  9.03231443e-01
  2.31329416e+00  6.37968341e-01 -1.71612966e+00 -1.58829205e+00
  5.14223338e-01  1.51850228e+00  3.97808905e-01 -7.91903476e-01
 -5.12476894e-01  1.67912824e-01  1.29173763e-02 -1.83369526e-01
  4.74429764e-01  7.99317427e-01 -3.98269887e-01 -1.51039631e+00
 -3.38063021e-01  1.75338628e+00  1.36334822e+00 -1.28794871e+00
 -2.12886200e+00  3.13179190e-01  2.26198011e+00  6.99042880e-01
 -1.75897549e+00 -1.29943538e+00  9.39297754e-01  1.29345849e+00
 -2.36205917e-01 -7.99347104e-01 -3.14194951e-02  1.40492052e-01
 -2.12162235e-01  3.37708783e-01  8.08758410e-01 -4.23320488e-01
 -1.47627950e+00  1.02983632e-01  1.94671577e+00  4.68571310e-01
 -2.06732074e+00 -1.05767904e+00  1.83411779e+00  1.44946708e+00
 -1.36290961e+00 -1.51567390e+00  8.25301128e-01  1.23706277e+00
 -3.81623591e-01 -6.86115613e-01  1.33801329e-01 -1.24163128e-02
 -1.07291468e-01  7.23933691e-01  2.59169472e-01 -1.33569048e+00
 -5.02717109e-01  1.77214917e+00  7.37644409e-01 -1.99543514e+00
 -8.77486671e-01  1.99659669e+00  8.69395812e-01 -1.78459460e+00
 -7.04661240e-01  1.37878978e+00  4.19991023e-01 -8.08079080e-01
 -8.99524530e-02  1.16520344e-01 -1.89211134e-01  6.28107663e-01
  3.23813664e-01 -1.32917987e+00 -2.52579991e-01  1.86714748e+00
 -2.39596324e-02 -2.12244341e+00  4.25102604e-01  2.01547716e+00
 -7.95959411e-01 -1.55387066e+00  9.48321905e-01  8.65762709e-01
 -7.35243861e-01 -1.91674992e-01  1.37846466e-01 -1.85296867e-01
  6.78640134e-01  6.43982211e-02 -1.38989463e+00  5.40990212e-01
  1.64450888e+00 -1.34782336e+00 -1.26746679e+00  1.90082592e+00
  4.24643333e-01 -1.82551614e+00  3.94109460e-01  1.11430779e+00
 -6.43190307e-01 -2.28165757e-01  1.28280453e-01 -1.53338781e-01
  7.46120628e-01 -3.44021050e-01 -1.18351300e+00  1.37671972e+00
  6.36937570e-01 -2.03717283e+00  6.02304935e-01  1.62636128e+00
 -1.51879623e+00 -4.22014615e-01  1.31135407e+00 -4.43624516e-01
 -3.30476017e-01  1.47687698e-01 -1.46038173e-01  7.55102932e-01
 -6.19500575e-01 -8.10682907e-01  1.72202336e+00 -4.97025480e-01
 -1.55501588e+00  1.80856560e+00  5.28181141e-03 -1.52738888e+00
  1.12341310e+00  1.70976178e-01 -6.06226464e-01  2.14361447e-01
 -2.08875308e-01  7.03048273e-01 -5.07148223e-01 -7.70952491e-01
  1.72101677e+00 -9.22126229e-01 -9.87182710e-01  1.94534932e+00
 -9.98949826e-01 -6.34590642e-01  1.23230227e+00 -6.12451351e-01
 -2.09434566e-02 -8.49073246e-02  3.14788464e-01  2.15485089e-01
 -1.21433353e+00  1.43457884e+00 -2.71030711e-01 -1.34427467e+00
  1.89763532e+00 -9.43062650e-01 -4.89516813e-01  1.10770494e+00
 -7.04659527e-01  1.50291235e-01 -2.05552945e-01  6.28967461e-01
 -5.59127866e-01 -3.68970620e-01  1.49402093e+00 -1.76706253e+00
  8.34213194e-01  5.93055868e-01 -1.42838480e+00  1.21470974e+00
 -4.47023529e-01 -2.72249512e-02 -1.37412136e-01  5.13519461e-01
 -4.10806937e-01 -3.89909291e-01  1.39034366e+00 -1.81397543e+00
  1.29076968e+00 -1.66746812e-01 -8.02575036e-01  1.07058541e+00
 -6.95706317e-01  2.17574877e-01 -1.65424270e-01  6.25212230e-01
 -1.19820265e+00  1.34457172e+00 -8.13812832e-01 -1.68366282e-01
  1.07220958e+00 -1.43982208e+00  1.18332156e+00 -6.09352308e-01
  1.81667558e-01 -2.05336964e-01  6.44429846e-01 -1.17358518e+00
  1.40514215e+00 -1.13354576e+00  4.48940298e-01  3.31838319e-01
 -8.56765962e-01  9.31669798e-01 -6.09444350e-01  1.40420045e-01
  1.73344865e-01 -1.33943153e-01 -2.64825466e-01  8.51689507e-01
 -1.37377486e+00  1.61899948e+00 -1.50638259e+00  1.10911741e+00
 -6.09935517e-01  2.16874840e-01 -7.91603133e-02  2.36201106e-01
 -6.14217448e-01  1.06449660e+00 -1.42303976e+00  1.56735336e+00
 -1.45155922e+00  1.11181494e+00 -6.45287712e-01  1.73731512e-01
  1.94668862e-01 -3.93701026e-01  4.11431929e-01 -2.85909702e-01
  8.84011904e-02  9.92528101e-02 -2.06458582e-01  1.89784618e-01
 -4.03754276e-02 -2.17241800e-01  5.33180064e-01 -8.44262920e-01
  1.08720548e+00 -1.21043489e+00  1.18286043e+00 -9.98722281e-01
  6.78320187e-01 -2.64879219e-01 -1.81918300e-01  5.95020941e-01
 -9.10795701e-01  1.08029236e+00 -1.07937316e+00  9.15731457e-01
 -6.30689516e-01  2.94020792e-01  8.89915271e-03 -1.96494673e-01
  2.13496547e-01 -5.08598279e-02 -2.43843861e-01  5.71738245e-01
 -8.06402236e-01  8.32871708e-01 -5.91613168e-01  1.11667104e-01
  4.83600294e-01 -1.00821155e+00  1.27913365e+00 -1.19499155e+00
  7.94333284e-01 -2.59716914e-01 -1.48172894e-01  2.09238883e-01
  1.36001900e-01 -7.32079552e-01  1.26667409e+00 -1.43173625e+00
  1.11034580e+00 -4.74770558e-01 -8.84339925e-02  2.11131445e-01
  1.98435962e-01 -8.56182948e-01  1.26774828e+00 -1.08161313e+00
  3.81892339e-01  3.32836707e-01 -5.24118422e-01  7.60144599e-02
  5.57624252e-01 -7.13064102e-01  1.25819745e-01  7.68970339e-01
 -1.19973305e+00  8.14640127e-01 -8.52576799e-02 -1.39815194e-01
 -4.42057727e-01  1.18424579e+00 -1.16374509e+00  2.70003689e-01
  5.86632520e-01 -5.35407714e-01 -1.38758227e-01  3.10996445e-01
  4.81172225e-01 -1.30780793e+00  1.04289150e+00  2.11183459e-02
 -5.08279676e-01 -3.78501359e-02  4.27923463e-01  3.14226853e-01
 -1.26671724e+00  9.54556777e-01  2.13924845e-01 -5.27160587e-01
 -1.46552997e-01  1.45098532e-01  8.90486864e-01 -1.14903347e+00
 -5.68200838e-02  8.41082610e-01 -2.04534735e-01 -1.08755291e-01
 -7.40084154e-01  7.88347568e-01  6.07540734e-01 -1.08447889e+00
  4.50283825e-02  1.60430768e-01  5.00495027e-01  2.10749702e-01]